   Fp1 F7 T3 T5 O1 F3 C3 P3 Fz Cz Pz F4 C4 P4 Fp2 F8 T4 T6 O2
Fp1 1.000000 0.809017 0.309017 -0.309017 -0.809017 0.572061 0.218508 -0.218508 0.672499 0.000000 -0.672499 0.218508 -0.218508 -0.572061 0.809017 0.309017 -0.309017 -0.809017 -1.000000 
F7 0.809017 1.000000 0.809017 0.309017 -0.309017 0.707107 0.572061 0.218508 0.415627 0.000000 -0.415627 -0.218508 -0.572061 -0.707107 0.309017 -0.309017 -0.809017 -1.000000 -0.809017 
T3 0.309017 0.809017 1.000000 0.809017 0.309017 0.572061 0.707107 0.572061 0.000000 0.000000 0.000000 -0.572061 -0.707107 -0.572061 -0.309017 -0.809017 -1.000000 -0.809017 -0.309017 
T5 -0.309017 0.309017 0.809017 1.000000 0.809017 0.218508 0.572061 0.707107 -0.415627 0.000000 0.415627 -0.707107 -0.572061 -0.218508 -0.809017 -1.000000 -0.809017 -0.309017 0.309017 
O1 -0.809017 -0.309017 0.309017 0.809017 1.000000 -0.218508 0.218508 0.572061 -0.672499 0.000000 0.672499 -0.572061 -0.218508 0.218508 -1.000000 -0.809017 -0.309017 0.309017 0.809017 
F3 0.572061 0.707107 0.572061 0.218508 -0.218508 1.000000 0.904508 0.654508 0.793893 0.707107 0.206107 0.345492 0.095492 0.000000 0.218508 -0.218508 -0.572061 -0.707107 -0.572061 
C3 0.218508 0.572061 0.707107 0.572061 0.218508 0.904508 1.000000 0.904508 0.500000 0.707107 0.500000 0.095492 0.000000 0.095492 -0.218508 -0.572061 -0.707107 -0.572061 -0.218508 
P3 -0.218508 0.218508 0.572061 0.707107 0.572061 0.654508 0.904508 1.000000 0.206107 0.707107 0.793893 0.000000 0.095492 0.345492 -0.572061 -0.707107 -0.572061 -0.218508 0.218508 
Fz 0.672499 0.415627 0.000000 -0.415627 -0.672499 0.793893 0.500000 0.206107 1.000000 0.707107 0.000000 0.793893 0.500000 0.206107 0.672499 0.415627 0.000000 -0.415627 -0.672499 
Cz 0.000000 0.000000 0.000000 0.000000 0.000000 0.707107 0.707107 0.707107 0.707107 1.000000 0.707107 0.707107 0.707107 0.707107 0.000000 0.000000 0.000000 0.000000 0.000000 
Pz -0.672499 -0.415627 0.000000 0.415627 0.672499 0.206107 0.500000 0.793893 0.000000 0.707107 1.000000 0.206107 0.500000 0.793893 -0.672499 -0.415627 0.000000 0.415627 0.672499 
F4 0.218508 -0.218508 -0.572061 -0.707107 -0.572061 0.345492 0.095492 0.000000 0.793893 0.707107 0.206107 1.000000 0.904508 0.654508 0.572061 0.707107 0.572061 0.218508 -0.218508 
C4 -0.218508 -0.572061 -0.707107 -0.572061 -0.218508 0.095492 0.000000 0.095492 0.500000 0.707107 0.500000 0.904508 1.000000 0.904508 0.218508 0.572061 0.707107 0.572061 0.218508 
P4 -0.572061 -0.707107 -0.572061 -0.218508 0.218508 0.000000 0.095492 0.345492 0.206107 0.707107 0.793893 0.654508 0.904508 1.000000 -0.218508 0.218508 0.572061 0.707107 0.572061 
Fp2 0.809017 0.309017 -0.309017 -0.809017 -1.000000 0.218508 -0.218508 -0.572061 0.672499 0.000000 -0.672499 0.572061 0.218508 -0.218508 1.000000 0.809017 0.309017 -0.309017 -0.809017 
F8 0.309017 -0.309017 -0.809017 -1.000000 -0.809017 -0.218508 -0.572061 -0.707107 0.415627 0.000000 -0.415627 0.707107 0.572061 0.218508 0.809017 1.000000 0.809017 0.309017 -0.309017 
T4 -0.309017 -0.809017 -1.000000 -0.809017 -0.309017 -0.572061 -0.707107 -0.572061 0.000000 0.000000 0.000000 0.572061 0.707107 0.572061 0.309017 0.809017 1.000000 0.809017 0.309017 
T6 -0.809017 -1.000000 -0.809017 -0.309017 0.309017 -0.707107 -0.572061 -0.218508 -0.415627 0.000000 0.415627 0.218508 0.572061 0.707107 -0.309017 0.309017 0.809017 1.000000 0.809017 
O2 -1.000000 -0.809017 -0.309017 0.309017 0.809017 -0.572061 -0.218508 0.218508 -0.672499 0.000000 0.672499 -0.218508 0.218508 0.572061 -0.809017 -0.309017 0.309017 0.809017 1.000000 
