# Created by Octave 2.9.13, Wed May 07 14:46:38 2014 JST <root@CF-R5LW4AXR>
# name: a
# type: matrix
# rows: 20
# columns: 20
 0.1241803511255125 0.1145885520923903 0.1293304524698657 0.1145885520924559 0.1241803511253727 -0.07675689288757961 -0.08683213227387421 -0.0767568928875426 -0.1354218749041173 0.5377990680948153 -0.1354218749041677 -0.07675689288778356 -0.08683213227355585 -0.07675689288773196 0.1241803511256621 0.1145885520922614 0.1293304524700503 0.1145885520921174 0.1241803511258493 -4.155570516215679e-05
 47836.13294464364 -40432.50847078231 27202.51708922043 -19181.37381462934 16570.99744794616 -3541.753776004907 10984.24950607259 -7819.332612398545 -6656.087511031935 396.6977552005387 180.557300836457 14414.81178476789 -16061.90663326922 7920.323169023267 -40354.81434921796 26543.17810958087 -17345.17918054726 14531.1921020299 -15187.70086144024 0.1241803511255098
 -40432.50847078339 47065.08740739222 -39451.95873602296 27131.50697264961 -19181.3738146269 -11306.29773030155 5332.020486548166 975.8608837464187 10488.89382316387 269.3004456642878 103.6005794533388 -11724.51449660886 11518.07527518927 -5783.602089025417 26543.17810959433 -16060.02058349335 11462.83363522958 -11481.27379980731 14531.19210203863 0.1145885520926744
 27202.51708922796 -39451.95873602886 45883.71211865295 -39451.95873602068 27202.51708921337 10157.52407732182 -15613.76552021263 10157.52407732508 -4579.425326419559 475.4361702673523 -4579.425326425105 6135.510123227365 -8505.731112640846 6135.510123234135 -17345.17918057142 11462.83363524001 -9403.295020063437 11462.83363522598 -17345.17918055349 0.1293304524694392
 -19181.37381464271 27131.50697266106 -39451.95873602586 47065.08740738489 -40432.50847076653 975.8608837395235 5332.020486560918 -11306.29773031397 103.6005794545925 269.3004456640439 10488.89382317484 -5783.602089025674 11518.07527519665 -11724.5144966213 14531.19210205394 -11481.2737998156 11462.83363522248 -16060.02058347225 26543.17810957094 0.1145885520922832
 16570.99744796248 -19181.37381464129 27202.51708922172 -40432.50847077043 47836.1329446189 -7819.332612384749 10984.24950605093 -3541.753775985092 180.5573008303734 396.6977552003144 -6656.087511047831 7920.323169029894 -16061.90663328414 14414.81178478653 -15187.70086145381 14531.19210203329 -17345.17918053243 26543.1781095499 -40354.81434918455 0.1241803511254207
 -3541.75377602054 -11306.29773029366 10157.52407731777 975.860883748457 -7819.33261240002 69174.02098514885 -74611.91144208382 37374.59903708578 -36472.34521313677 -1309.873976348629 -9043.118997752161 20296.9509655546 -9146.441341038597 4309.590648846425 14414.81178476205 -11724.51449660177 6135.510123214501 -5783.602089003753 7920.323169001288 -0.07675689288757327
 10984.24950608783 5332.020486542467 -15613.76552021081 5332.020486551665 10984.24950606954 -74611.91144208676 111397.9366528888 -74611.91144207468 26552.53628066184 -1315.01134537731 26552.53628064768 -9146.441341041958 4903.32706114967 -9146.441341030812 -16061.90663325815 11518.07527517325 -8505.731112614087 11518.07527515681 -16061.90663323501 -0.08683213227381278
 -7819.332612410559 975.8608837504532 10157.52407732218 -11306.29773030254 -3541.753776006267 37374.59903709996 -74611.91144208866 69174.02098513978 -9043.118997766158 -1309.873976347417 -36472.34521312291 4309.590648854813 -9146.44134103432 20296.95096554007 7920.323169018293 -5783.602089016887 6135.510123214426 -11724.51449658806 14414.8117847438 -0.07675689288795237
 -6656.08751101463 10488.89382315402 -4579.425326412026 103.6005794416383 180.5573008498462 -36472.34521314603 26552.53628067004 -9043.118997761901 37171.06623674455 -2117.612754966445 3797.324646676249 -36472.34521313736 26552.53628065424 -9043.118997751229 -6656.087511039038 10488.89382317504 -4579.425326427824 103.6005794549113 180.5573008359357 -0.1354218749041693
 396.697755201064 269.3004456641999 475.4361702668968 269.3004456646522 396.6977551999757 -1309.873976348761 -1315.011345376495 -1309.873976347923 -2117.612754967412 8489.878962085642 -2117.612754968751 -1309.873976349146 -1315.011345376352 -1309.873976347675 396.6977552029161 269.3004456619619 475.4361702701822 269.3004456602657 396.6977552047591 0.5377990680948226
 180.557300852126 103.6005794445608 -4579.425326413902 10488.89382315343 -6656.087511015963 -9043.118997779569 26552.5362806767 -36472.34521313729 3797.324646695257 -2117.612754967926 37171.06623673062 -9043.118997766007 26552.53628065423 -36472.34521312324 180.5573008245638 103.6005794677214 -4579.425326431936 10488.89382316976 -6656.087511033123 -0.1354218749041774
 14414.81178473165 -11724.51449658773 6135.510123207453 -5783.602088992027 7920.323168979375 20296.95096559139 -9146.441341081229 4309.59064886839 -36472.34521315559 -1309.873976352275 -9043.118997749514 69174.02098515975 -74611.91144207878 37374.5990370751 -3541.753775973868 -11306.29773034771 10157.52407736459 975.8608837128452 -7819.332612371831 -0.07675689288755423
 -16061.90663321746 11518.07527515791 -8505.731112607195 11518.07527514072 -16061.90663320166 -9146.441341103375 4903.327061219876 -9146.441341068845 26552.5362806951 -1315.011345371541 26552.53628064907 -74611.9114421101 111397.9366528911 -74611.91144206724 10984.24950601988 5332.020486624319 -15613.76552028444 5332.020486609792 10984.24950602407 -0.0868321322738386
 7920.323168986368 -5783.60208900261 6135.510123207405 -11724.51449657656 14414.81178472143 4309.590648900069 -9146.44134108913 20296.95096557205 -9043.118997788308 -1309.873976350981 -36472.3452131271 37374.59903711136 -74611.9114420851 69174.02098513381 -7819.332612361392 975.8608836943914 10157.52407737121 -11306.29773034149 -3541.753775975438 -0.07675689288769519
 -40354.81434922577 26543.17810959929 -17345.17918056923 14531.19210204736 -15187.70086144604 14414.81178474373 -16061.90663323933 7920.32316899992 -6656.087511015394 396.6977552032814 180.557300851801 -3541.753776030179 10984.2495061049 -7819.332612423786 47836.13294463842 -40432.50847076578 27202.51708919878 -19181.37381461075 16570.99744793877 0.1241803511255931
 26543.17810960328 -16060.02058351 11462.83363524984 -11481.27379982469 14531.19210204562 -11724.51449658883 11518.07527516063 -5783.602088999553 10488.89382315097 269.3004456624611 103.6005794330718 -11306.29773027936 5332.020486514378 975.8608837765586 -40432.50847078358 47065.08740738382 -39451.958736008 27131.50697263442 -19181.37381462103 0.1145885520918733
 -17345.17918058085 11462.83363525646 -9403.295020085627 11462.83363524705 -17345.17918056336 6135.510123208544 -8505.731112608759 6135.510123201932 -4579.425326408867 475.4361702688705 -4579.425326398835 10157.52407730049 -15613.76552017555 10157.52407728912 27202.51708923099 -39451.95873602466 45883.71211864113 -39451.95873600685 27202.51708920874 0.1293304524707651
 14531.19210206208 -11481.27379983475 11462.8336352502 -16060.02058349837 26543.17810958004 -5783.602088997125 11518.07527514878 -11724.51449657391 103.6005794384283 269.3004456614494 10488.89382313794 975.8608837701137 5332.02048651028 -11306.29773026519 -19181.37381464015 27131.50697264693 -39451.95873600146 47065.08740735862 -40432.5084707539 0.1145885520918054
 -15187.70086146285 14531.19210205875 -17345.17918056942 26543.17810958538 -40354.81434919786 7920.323168987848 -16061.9066332176 14414.81178472246 180.5573008550415 396.6977552042777 -6656.087510998838 -7819.332612427758 10984.24950611834 -3541.753776049259 16570.99744795438 -19181.37381461632 27202.51708918453 -40432.50847073326 47836.13294460213 0.1241803511253489
