 These are the value of function Gm(cos(theta)). 
 Fp1 F7 T3 T5 O1 F3 C3 P3 Fz Cz Pz F4 C4 P4 Fp2 F8 T4 T6 O2 
Fp1 0.015261 0.012221 0.004491 -0.004710 -0.011927 0.008521 0.003122 -0.003383 0.010080 -0.000152 -0.009974 0.003122 -0.003383 -0.008530 0.012221 0.004491 -0.004710 -0.011927 -0.014637 
F7 0.012221 0.015261 0.012221 0.004491 -0.004710 0.010620 0.008521 0.003122 0.006115 -0.000152 -0.006264 -0.003383 -0.008530 -0.010471 0.004491 -0.004710 -0.011927 -0.014637 -0.011927 
T3 0.004491 0.012221 0.015261 0.012221 0.004491 0.008521 0.010620 0.008521 -0.000152 -0.000152 -0.000152 -0.008530 -0.010471 -0.008530 -0.004710 -0.011927 -0.014637 -0.011927 -0.004710 
T5 -0.004710 0.004491 0.012221 0.015261 0.012221 0.003122 0.008521 0.010620 -0.006264 -0.000152 0.006115 -0.010471 -0.008530 -0.003383 -0.011927 -0.014637 -0.011927 -0.004710 0.004491 
O1 -0.011927 -0.004710 0.004491 0.012221 0.015261 -0.003383 0.003122 0.008521 -0.009974 -0.000152 0.010080 -0.008530 -0.003383 0.003122 -0.014637 -0.011927 -0.004710 0.004491 0.012221 
F3 0.008521 0.010620 0.008521 0.003122 -0.003383 0.015261 0.013733 0.009800 0.011982 0.010620 0.002935 0.005046 0.001273 -0.000152 0.003122 -0.003383 -0.008530 -0.010471 -0.008530 
C3 0.003122 0.008521 0.010620 0.008521 0.003122 0.013733 0.015261 0.013733 0.007409 0.010620 0.007409 0.001273 -0.000152 0.001273 -0.003383 -0.008530 -0.010471 -0.008530 -0.003383 
P3 -0.003383 0.003122 0.008521 0.010620 0.008521 0.009800 0.013733 0.015261 0.002935 0.010620 0.011982 -0.000152 0.001273 0.005046 -0.008530 -0.010471 -0.008530 -0.003383 0.003122 
Fz 0.010080 0.006115 -0.000152 -0.006264 -0.009974 0.011982 0.007409 0.002935 0.015261 0.010620 -0.000152 0.011982 0.007409 0.002935 0.010080 0.006115 -0.000152 -0.006264 -0.009974 
Cz -0.000152 -0.000152 -0.000152 -0.000152 -0.000152 0.010620 0.010620 0.010620 0.010620 0.015261 0.010620 0.010620 0.010620 0.010620 -0.000152 -0.000152 -0.000152 -0.000152 -0.000152 
Pz -0.009974 -0.006264 -0.000152 0.006115 0.010080 0.002935 0.007409 0.011982 -0.000152 0.010620 0.015261 0.002935 0.007409 0.011982 -0.009974 -0.006264 -0.000152 0.006115 0.010080 
F4 0.003122 -0.003383 -0.008530 -0.010471 -0.008530 0.005046 0.001273 -0.000152 0.011982 0.010620 0.002935 0.015261 0.013733 0.009800 0.008521 0.010620 0.008521 0.003122 -0.003383 
C4 -0.003383 -0.008530 -0.010471 -0.008530 -0.003383 0.001273 -0.000152 0.001273 0.007409 0.010620 0.007409 0.013733 0.015261 0.013733 0.003122 0.008521 0.010620 0.008521 0.003122 
P4 -0.008530 -0.010471 -0.008530 -0.003383 0.003122 -0.000152 0.001273 0.005046 0.002935 0.010620 0.011982 0.009800 0.013733 0.015261 -0.003383 0.003122 0.008521 0.010620 0.008521 
Fp2 0.012221 0.004491 -0.004710 -0.011927 -0.014637 0.003122 -0.003383 -0.008530 0.010080 -0.000152 -0.009974 0.008521 0.003122 -0.003383 0.015261 0.012221 0.004491 -0.004710 -0.011927 
F8 0.004491 -0.004710 -0.011927 -0.014637 -0.011927 -0.003383 -0.008530 -0.010471 0.006115 -0.000152 -0.006264 0.010620 0.008521 0.003122 0.012221 0.015261 0.012221 0.004491 -0.004710 
T4 -0.004710 -0.011927 -0.014637 -0.011927 -0.004710 -0.008530 -0.010471 -0.008530 -0.000152 -0.000152 -0.000152 0.008521 0.010620 0.008521 0.004491 0.012221 0.015261 0.012221 0.004491 
T6 -0.011927 -0.014637 -0.011927 -0.004710 0.004491 -0.010471 -0.008530 -0.003383 -0.006264 -0.000152 0.006115 0.003122 0.008521 0.010620 -0.004710 0.004491 0.012221 0.015261 0.012221 
O2 -0.014637 -0.011927 -0.004710 0.004491 0.012221 -0.008530 -0.003383 0.003122 -0.009974 -0.000152 0.010080 -0.003383 0.003122 0.008521 -0.011927 -0.004710 0.004491 0.012221 0.015261 
